2007668854 1448631219 338376903
2007668982 1448631219 338376903
2007668854 1448663987 338376903
2007668982 1448663987 338376903
2007668854 1450728378 339417543
2007668982 1450728378 339417543
2007668854 1450761146 339417543
2007668982 1450761146 339417543
4155153015 3749215155 342571205
4155153143 3749215155 342571205
4155153014 3749215155 342571207
4155153142 3749215155 342571207
4155153014 3749247923 342571207
4155153142 3749247923 342571207
4155218551 1599634362 343611589
4155218679 1599634362 343611589
4155218550 1599634362 343611591
4155218678 1599634362 343611591
4155218550 1599667130 343611591
4155218678 1599667130 343611591
4155218551 1599634362 343611845
4155218679 1599634362 343611845
4155218550 1599634362 343611847
4155218678 1599634362 343611847
4155218550 1599667130 343611847
4155218678 1599667130 343611847
4155153015 3747118010 343612357
4155153143 3747118010 343612357
4155153014 3747118010 343612359
4155153142 3747118010 343612359
4155153014 3747150778 343612359
4155153142 3747150778 343612359
2007668854 1448614835 346765511
2007668982 1448614835 346765511
2007668854 1448647603 346765511
2007668982 1448647603 346765511
2007668854 1450711994 347806151
2007668982 1450711994 347806151
2007668854 1450744762 347806151
2007668982 1450744762 347806151
4155218551 1601715123 350959813
4155218679 1601715123 350959813
4155218550 1601715123 350959815
4155218678 1601715123 350959815
4155218550 1601747891 350959815
4155218678 1601747891 350959815
4155218551 1601715123 350960069
4155218679 1601715123 350960069
4155218550 1601715123 350960071
4155218678 1601715123 350960071
4155218550 1601747891 350960071
4155218678 1601747891 350960071
4155153015 3747101626 352000197
4155153143 3747101626 352000197
4155153014 3747101626 352000199
4155153142 3747101626 352000199
4155153014 3747134394 352000199
4155153142 3747134394 352000199
4155021943 3747101626 352000965
4155022071 3747101626 352000965
4155021942 3747101626 352000967
4155022070 3747101626 352000967
4155021942 3747134394 352000967
4155022070 3747134394 352000967
4146764406 3749247987 359340229
4146764534 3749247987 359340229
4155153014 3749247923 359348421
4155153142 3749247923 359348421
4155218550 1599667130 360388805
4155218678 1599667130 360388805
4155218550 1599667130 360389061
4155218678 1599667130 360389061
4155153014 3747150778 360389573
4155153142 3747150778 360389573
4146829942 1599667194 360396997
4146830070 1599667194 360396997
4146829942 1599667194 360397253
4146830070 1599667194 360397253
4146764406 3747150842 360397765
4146764534 3747150842 360397765
4146829942 1601747955 367728837
4146830070 1601747955 367728837
4146829942 1601747955 367729093
4146830070 1601747955 367729093
4155218550 1601747891 367737029
4155218678 1601747891 367737029
4155218550 1601747891 367737285
4155218678 1601747891 367737285
4155153014 3747134394 368777413
4155153142 3747134394 368777413
4155021942 3747134394 368778181
4155022070 3747134394 368778181
4146764406 3747134458 368785605
4146764534 3747134458 368785605
4146633334 3747134458 368786373
4146633462 3747134458 368786373
1999345782 1448631283 371923143
1999345910 1448631283 371923143
1999345782 1448664051 371923143
1999345910 1448664051 371923143
1999345782 1448631283 371923399
1999345910 1448631283 371923399
1999345782 1448664051 371923399
1999345910 1448664051 371923399
1999280247 3596114931 371923909
1999280375 3596114931 371923909
1999280246 3598212090 372979911
1999280374 3598212090 372979911
1999280246 3598244858 372979911
1999280374 3598244858 372979911
1999149174 3598212090 372980679
1999149302 3598212090 372980679
1999149174 3598244858 372980679
1999149302 3598244858 372980679
4146764407 1601731571 376117701
4146764535 1601731571 376117701
4146764406 1601731571 376117703
4146764534 1601731571 376117703
4146764406 1601764339 376117703
4146764534 1601764339 376117703
4146764407 1599634426 377174213
4146764535 1599634426 377174213
4146764406 1599634426 377174215
4146764534 1599634426 377174215
4146764406 1599667194 377174215
4146764534 1599667194 377174215
1999345782 1448614899 380311751
1999345910 1448614899 380311751
1999345782 1448647667 380311751
1999345910 1448647667 380311751
1999345782 1448614899 380312007
1999345910 1448614899 380312007
1999345782 1448647667 380312007
1999345910 1448647667 380312007
1999280247 3596098547 380312517
1999280375 3596098547 380312517
1999280246 3598195706 381368519
1999280374 3598195706 381368519
1999280246 3598228474 381368519
1999280374 3598228474 381368519
1999149174 3598195706 381369287
1999149302 3598195706 381369287
1999149174 3598228474 381369287
1999149302 3598228474 381369287
4146764407 1601715187 384506053
4146764535 1601715187 384506053
4146764406 1601715187 384506055
4146764534 1601715187 384506055
4146764406 1601747955 384506055
4146764534 1601747955 384506055
4146764407 1599618042 385563077
4146764535 1599618042 385563077
4146764406 1599618042 385563079
4146764534 1599618042 385563079
4146764406 1599650810 385563079
4146764534 1599650810 385563079
1999280246 3596114931 388701125
1999280247 3596114931 388701125
1999280374 3596114931 388701125
1999280375 3596114931 388701125
2007668854 3596114867 388709317
2007668855 3596114867 388709317
2007668982 3596114867 388709317
2007668983 3596114867 388709317
4146764406 1601731571 392894917
4146764407 1601731571 392894917
4146764534 1601731571 392894917
4146764535 1601731571 392894917
4155153014 1601731507 392903109
4155153015 1601731507 392903109
4155153142 1601731507 392903109
4155153143 1601731507 392903109
4155153014 1599634362 393943237
4155153015 1599634362 393943237
4155153142 1599634362 393943237
4155153143 1599634362 393943237
4146764406 1599634426 393951429
4146764407 1599634426 393951429
4146764534 1599634426 393951429
4146764535 1599634426 393951429
1999280246 3596098547 397089733
1999280247 3596098547 397089733
1999280374 3596098547 397089733
1999280375 3596098547 397089733
2007668854 3596098483 397097925
2007668855 3596098483 397097925
2007668982 3596098483 397097925
2007668983 3596098483 397097925
4146764406 1601715187 401283269
4146764407 1601715187 401283269
4146764534 1601715187 401283269
4146764535 1601715187 401283269
4155153014 1601715123 401291461
4155153015 1601715123 401291461
4155153142 1601715123 401291461
4155153143 1601715123 401291461
4155153014 1599617978 402332101
4155153015 1599617978 402332101
4155153142 1599617978 402332101
4155153143 1599617978 402332101
4146764406 1599618042 402340293
4146764407 1599618042 402340293
4146764534 1599618042 402340293
4146764535 1599618042 402340293
4146764407 826560470 1007096993
4146764535 826560470 1007096993
4146764406 826560470 1007096995
4146764534 826560470 1007096995
4146764406 826593238 1007096995
4146764534 826593238 1007096995
4146764407 828657631 1008154017
4146764535 828657631 1008154017
4146764406 828657631 1008154019
4146764534 828657631 1008154019
4146764406 828690399 1008154019
4146764534 828690399 1008154019
1999280246 3093589974 1011291299
1999280374 3093589974 1011291299
1999280246 3093622742 1011291299
1999280374 3093622742 1011291299
1999149174 3093589974 1011292067
1999149302 3093589974 1011292067
1999149174 3093622742 1011292067
1999149302 3093622742 1011292067
1999345782 944009183 1012348067
1999345910 944009183 1012348067
1999345782 944041951 1012348067
1999345910 944041951 1012348067
1999345782 944009183 1012348323
1999345910 944009183 1012348323
1999345782 944041951 1012348323
1999345910 944041951 1012348323
1999280247 3091492831 1012348833
1999280375 3091492831 1012348833
4146764407 826544086 1015485857
4146764535 826544086 1015485857
4146764406 826544086 1015485859
4146764534 826544086 1015485859
4146764406 826576854 1015485859
4146764534 826576854 1015485859
4146764407 828641247 1016542369
4146764535 828641247 1016542369
4146764406 828641247 1016542371
4146764534 828641247 1016542371
4146764406 828674015 1016542371
4146764534 828674015 1016542371
1999280246 3093573590 1019679907
1999280374 3093573590 1019679907
1999280246 3093606358 1019679907
1999280374 3093606358 1019679907
1999149174 3093573590 1019680675
1999149302 3093573590 1019680675
1999149174 3093606358 1019680675
1999149302 3093606358 1019680675
1999345782 943992799 1020736675
1999345910 943992799 1020736675
1999345782 944025567 1020736675
1999345910 944025567 1020736675
1999345782 943992799 1020736931
1999345910 943992799 1020736931
1999345782 944025567 1020736931
1999345910 944025567 1020736931
1999280247 3091476447 1020737441
1999280375 3091476447 1020737441
4146764406 826560470 1023874209
4146764407 826560470 1023874209
4146764534 826560470 1023874209
4146764535 826560470 1023874209
4155153014 826560406 1023882401
4155153015 826560406 1023882401
4155153142 826560406 1023882401
4155153143 826560406 1023882401
4155153014 828657567 1024923041
4155153015 828657567 1024923041
4155153142 828657567 1024923041
4155153143 828657567 1024923041
4146764406 828657631 1024931233
4146764407 828657631 1024931233
4146764534 828657631 1024931233
4146764535 828657631 1024931233
2007668854 3091492767 1029117857
2007668855 3091492767 1029117857
2007668982 3091492767 1029117857
2007668983 3091492767 1029117857
1999280246 3091492831 1029126049
1999280247 3091492831 1029126049
1999280374 3091492831 1029126049
1999280375 3091492831 1029126049
4146764406 826544086 1032263073
4146764407 826544086 1032263073
4146764534 826544086 1032263073
4146764535 826544086 1032263073
4155153014 826544022 1032271265
4155153015 826544022 1032271265
4155153142 826544022 1032271265
4155153143 826544022 1032271265
4155153014 828641183 1033311393
4155153015 828641183 1033311393
4155153142 828641183 1033311393
4155153143 828641183 1033311393
4146764406 828641247 1033319585
4146764407 828641247 1033319585
4146764534 828641247 1033319585
4146764535 828641247 1033319585
2007668854 3091476383 1037506465
2007668855 3091476383 1037506465
2007668982 3091476383 1037506465
2007668983 3091476383 1037506465
1999280246 3091476447 1037514657
1999280247 3091476447 1037514657
1999280374 3091476447 1037514657
1999280375 3091476447 1037514657
4155218551 826560406 1040659617
4155218679 826560406 1040659617
4155218550 826560406 1040659619
4155218678 826560406 1040659619
4155218550 826593174 1040659619
4155218678 826593174 1040659619
4155218551 826560406 1040659873
4155218679 826560406 1040659873
4155218550 826560406 1040659875
4155218678 826560406 1040659875
4155218550 826593174 1040659875
4155218678 826593174 1040659875
4155153015 2974044054 1040660385
4155153143 2974044054 1040660385
4155153014 2974044054 1040660387
4155153142 2974044054 1040660387
4155153014 2974076822 1040660387
4155153142 2974076822 1040660387
4155153015 2976141215 1041700001
4155153143 2976141215 1041700001
4155153014 2976141215 1041700003
4155153142 2976141215 1041700003
4155153014 2976173983 1041700003
4155153142 2976173983 1041700003
2007668854 946106262 1044854179
2007668982 946106262 1044854179
2007668854 946139030 1044854179
2007668982 946139030 1044854179
2007668854 944009119 1045894307
2007668982 944009119 1045894307
2007668854 944041887 1045894307
2007668982 944041887 1045894307
4155153015 2974027670 1049048225
4155153143 2974027670 1049048225
4155153014 2974027670 1049048227
4155153142 2974027670 1049048227
4155153014 2974060438 1049048227
4155153142 2974060438 1049048227
4155021943 2974027670 1049048993
4155022071 2974027670 1049048993
4155021942 2974027670 1049048995
4155022070 2974027670 1049048995
4155021942 2974060438 1049048995
4155022070 2974060438 1049048995
4155218551 828641183 1050088609
4155218679 828641183 1050088609
4155218550 828641183 1050088611
4155218678 828641183 1050088611
4155218550 828673951 1050088611
4155218678 828673951 1050088611
4155218551 828641183 1050088865
4155218679 828641183 1050088865
4155218550 828641183 1050088867
4155218678 828641183 1050088867
4155218550 828673951 1050088867
4155218678 828673951 1050088867
2007668854 946089878 1053242787
2007668982 946089878 1053242787
2007668854 946122646 1053242787
2007668982 946122646 1053242787
2007668854 943992735 1054282915
2007668982 943992735 1054282915
2007668854 944025503 1054282915
2007668982 944025503 1054282915
4146829942 826593238 1057428641
4146830070 826593238 1057428641
4146829942 826593238 1057428897
4146830070 826593238 1057428897
4146764406 2974076886 1057429409
4146764534 2974076886 1057429409
4155218550 826593174 1057436833
4155218678 826593174 1057436833
4155218550 826593174 1057437089
4155218678 826593174 1057437089
4155153014 2974076822 1057437601
4155153142 2974076822 1057437601
4155153014 2976173983 1058477217
4155153142 2976173983 1058477217
4146764406 2976174047 1058485409
4146764534 2976174047 1058485409
4146764406 2974060502 1065817249
4146764534 2974060502 1065817249
4146633334 2974060502 1065818017
4146633462 2974060502 1065818017
4155153014 2974060438 1065825441
4155153142 2974060438 1065825441
4155021942 2974060438 1065826209
4155022070 2974060438 1065826209
4155218550 828673951 1066865825
4155218678 828673951 1066865825
4155218550 828673951 1066866081
4155218678 828673951 1066866081
4146829942 828674015 1066874017
4146830070 828674015 1066874017
4146829942 828674015 1066874273
4146830070 828674015 1066874273
2007668854 1450728371 1412118727
2007668982 1450728371 1412118727
2007668854 1450761139 1412118727
2007668982 1450761139 1412118727
2007668854 1448631226 1413159367
2007668982 1448631226 1413159367
2007668854 1448663994 1413159367
2007668982 1448663994 1413159367
4155153015 3747118003 1416313029
4155153143 3747118003 1416313029
4155153014 3747118003 1416313031
4155153142 3747118003 1416313031
4155153014 3747150771 1416313031
4155153142 3747150771 1416313031
4155218551 1601731514 1417353413
4155218679 1601731514 1417353413
4155218550 1601731514 1417353415
4155218678 1601731514 1417353415
4155218550 1601764282 1417353415
4155218678 1601764282 1417353415
4155218551 1601731514 1417353669
4155218679 1601731514 1417353669
4155218550 1601731514 1417353671
4155218678 1601731514 1417353671
4155218550 1601764282 1417353671
4155218678 1601764282 1417353671
4155153015 3749215162 1417354181
4155153143 3749215162 1417354181
4155153014 3749215162 1417354183
4155153142 3749215162 1417354183
4155153014 3749247930 1417354183
4155153142 3749247930 1417354183
2007668854 1450711987 1420507335
2007668982 1450711987 1420507335
2007668854 1450744755 1420507335
2007668982 1450744755 1420507335
2007668854 1448614842 1421547975
2007668982 1448614842 1421547975
2007668854 1448647610 1421547975
2007668982 1448647610 1421547975
4155218551 1599617971 1424701637
4155218679 1599617971 1424701637
4155218550 1599617971 1424701639
4155218678 1599617971 1424701639
4155218550 1599650739 1424701639
4155218678 1599650739 1424701639
4155218551 1599617971 1424701893
4155218679 1599617971 1424701893
4155218550 1599617971 1424701895
4155218678 1599617971 1424701895
4155218550 1599650739 1424701895
4155218678 1599650739 1424701895
4155153015 3749198778 1425742021
4155153143 3749198778 1425742021
4155153014 3749198778 1425742023
4155153142 3749198778 1425742023
4155153014 3749231546 1425742023
4155153142 3749231546 1425742023
4155021943 3749198778 1425742789
4155022071 3749198778 1425742789
4155021942 3749198778 1425742791
4155022070 3749198778 1425742791
4155021942 3749231546 1425742791
4155022070 3749231546 1425742791
4146764406 3747150835 1433082053
4146764534 3747150835 1433082053
4155153014 3747150771 1433090245
4155153142 3747150771 1433090245
4155218550 1601764282 1434130629
4155218678 1601764282 1434130629
4155218550 1601764282 1434130885
4155218678 1601764282 1434130885
4155153014 3749247930 1434131397
4155153142 3749247930 1434131397
4146829942 1601764346 1434138821
4146830070 1601764346 1434138821
4146829942 1601764346 1434139077
4146830070 1601764346 1434139077
4146764406 3749247994 1434139589
4146764534 3749247994 1434139589
4146829942 1599650803 1441470661
4146830070 1599650803 1441470661
4146829942 1599650803 1441470917
4146830070 1599650803 1441470917
4155218550 1599650739 1441478853
4155218678 1599650739 1441478853
4155218550 1599650739 1441479109
4155218678 1599650739 1441479109
4155153014 3749231546 1442519237
4155153142 3749231546 1442519237
4155021942 3749231546 1442520005
4155022070 3749231546 1442520005
4146764406 3749231610 1442527429
4146764534 3749231610 1442527429
4146633334 3749231610 1442528197
4146633462 3749231610 1442528197
1999345782 1450728435 1445664967
1999345910 1450728435 1445664967
1999345782 1450761203 1445664967
1999345910 1450761203 1445664967
1999345782 1450728435 1445665223
1999345910 1450728435 1445665223
1999345782 1450761203 1445665223
1999345910 1450761203 1445665223
1999280247 3598212083 1445665733
1999280375 3598212083 1445665733
1999280246 3596114938 1446721735
1999280374 3596114938 1446721735
1999280246 3596147706 1446721735
1999280374 3596147706 1446721735
1999149174 3596114938 1446722503
1999149302 3596114938 1446722503
1999149174 3596147706 1446722503
1999149302 3596147706 1446722503
4146764407 1599634419 1449859525
4146764535 1599634419 1449859525
4146764406 1599634419 1449859527
4146764534 1599634419 1449859527
4146764406 1599667187 1449859527
4146764534 1599667187 1449859527
4146764407 1601731578 1450916037
4146764535 1601731578 1450916037
4146764406 1601731578 1450916039
4146764534 1601731578 1450916039
4146764406 1601764346 1450916039
4146764534 1601764346 1450916039
1999345782 1450712051 1454053575
1999345910 1450712051 1454053575
1999345782 1450744819 1454053575
1999345910 1450744819 1454053575
1999345782 1450712051 1454053831
1999345910 1450712051 1454053831
1999345782 1450744819 1454053831
1999345910 1450744819 1454053831
1999280247 3598195699 1454054341
1999280375 3598195699 1454054341
1999280246 3596098554 1455110343
1999280374 3596098554 1455110343
1999280246 3596131322 1455110343
1999280374 3596131322 1455110343
1999149174 3596098554 1455111111
1999149302 3596098554 1455111111
1999149174 3596131322 1455111111
1999149302 3596131322 1455111111
4146764407 1599618035 1458247877
4146764535 1599618035 1458247877
4146764406 1599618035 1458247879
4146764534 1599618035 1458247879
4146764406 1599650803 1458247879
4146764534 1599650803 1458247879
4146764407 1601715194 1459304901
4146764535 1601715194 1459304901
4146764406 1601715194 1459304903
4146764534 1601715194 1459304903
4146764406 1601747962 1459304903
4146764534 1601747962 1459304903
1999280246 3598212083 1462442949
1999280247 3598212083 1462442949
1999280374 3598212083 1462442949
1999280375 3598212083 1462442949
2007668854 3598212019 1462451141
2007668855 3598212019 1462451141
2007668982 3598212019 1462451141
2007668983 3598212019 1462451141
4146764406 1599634419 1466636741
4146764407 1599634419 1466636741
4146764534 1599634419 1466636741
4146764535 1599634419 1466636741
4155153014 1599634355 1466644933
4155153015 1599634355 1466644933
4155153142 1599634355 1466644933
4155153143 1599634355 1466644933
4155153014 1601731514 1467685061
4155153015 1601731514 1467685061
4155153142 1601731514 1467685061
4155153143 1601731514 1467685061
4146764406 1601731578 1467693253
4146764407 1601731578 1467693253
4146764534 1601731578 1467693253
4146764535 1601731578 1467693253
1999280246 3598195699 1470831557
1999280247 3598195699 1470831557
1999280374 3598195699 1470831557
1999280375 3598195699 1470831557
2007668854 3598195635 1470839749
2007668855 3598195635 1470839749
2007668982 3598195635 1470839749
2007668983 3598195635 1470839749
4146764406 1599618035 1475025093
4146764407 1599618035 1475025093
4146764534 1599618035 1475025093
4146764535 1599618035 1475025093
4155153014 1599617971 1475033285
4155153015 1599617971 1475033285
4155153142 1599617971 1475033285
4155153143 1599617971 1475033285
4155153014 1601715130 1476073925
4155153015 1601715130 1476073925
4155153142 1601715130 1476073925
4155153143 1601715130 1476073925
4146764406 1601715194 1476082117
4146764407 1601715194 1476082117
4146764534 1601715194 1476082117
4146764535 1601715194 1476082117
4146764407 828657622 2080838817
4146764535 828657622 2080838817
4146764406 828657622 2080838819
4146764534 828657622 2080838819
4146764406 828690390 2080838819
4146764534 828690390 2080838819
4146764407 826560479 2081895841
4146764535 826560479 2081895841
4146764406 826560479 2081895843
4146764534 826560479 2081895843
4146764406 826593247 2081895843
4146764534 826593247 2081895843
1999280246 3091492822 2085033123
1999280374 3091492822 2085033123
1999280246 3091525590 2085033123
1999280374 3091525590 2085033123
1999149174 3091492822 2085033891
1999149302 3091492822 2085033891
1999149174 3091525590 2085033891
1999149302 3091525590 2085033891
1999345782 946106335 2086089891
1999345910 946106335 2086089891
1999345782 946139103 2086089891
1999345910 946139103 2086089891
1999345782 946106335 2086090147
1999345910 946106335 2086090147
1999345782 946139103 2086090147
1999345910 946139103 2086090147
1999280247 3093589983 2086090657
1999280375 3093589983 2086090657
4146764407 828641238 2089227681
4146764535 828641238 2089227681
4146764406 828641238 2089227683
4146764534 828641238 2089227683
4146764406 828674006 2089227683
4146764534 828674006 2089227683
4146764407 826544095 2090284193
4146764535 826544095 2090284193
4146764406 826544095 2090284195
4146764534 826544095 2090284195
4146764406 826576863 2090284195
4146764534 826576863 2090284195
1999280246 3091476438 2093421731
1999280374 3091476438 2093421731
1999280246 3091509206 2093421731
1999280374 3091509206 2093421731
1999149174 3091476438 2093422499
1999149302 3091476438 2093422499
1999149174 3091509206 2093422499
1999149302 3091509206 2093422499
1999345782 946089951 2094478499
1999345910 946089951 2094478499
1999345782 946122719 2094478499
1999345910 946122719 2094478499
1999345782 946089951 2094478755
1999345910 946089951 2094478755
1999345782 946122719 2094478755
1999345910 946122719 2094478755
1999280247 3093573599 2094479265
1999280375 3093573599 2094479265
4146764406 828657622 2097616033
4146764407 828657622 2097616033
4146764534 828657622 2097616033
4146764535 828657622 2097616033
4155153014 828657558 2097624225
4155153015 828657558 2097624225
4155153142 828657558 2097624225
4155153143 828657558 2097624225
4155153014 826560415 2098664865
4155153015 826560415 2098664865
4155153142 826560415 2098664865
4155153143 826560415 2098664865
4146764406 826560479 2098673057
4146764407 826560479 2098673057
4146764534 826560479 2098673057
4146764535 826560479 2098673057
2007668854 3093589919 2102859681
2007668855 3093589919 2102859681
2007668982 3093589919 2102859681
2007668983 3093589919 2102859681
1999280246 3093589983 2102867873
1999280247 3093589983 2102867873
1999280374 3093589983 2102867873
1999280375 3093589983 2102867873
4146764406 828641238 2106004897
4146764407 828641238 2106004897
4146764534 828641238 2106004897
4146764535 828641238 2106004897
4155153014 828641174 2106013089
4155153015 828641174 2106013089
4155153142 828641174 2106013089
4155153143 828641174 2106013089
4155153014 826544031 2107053217
4155153015 826544031 2107053217
4155153142 826544031 2107053217
4155153143 826544031 2107053217
4146764406 826544095 2107061409
4146764407 826544095 2107061409
4146764534 826544095 2107061409
4146764535 826544095 2107061409
2007668854 3093573535 2111248289
2007668855 3093573535 2111248289
2007668982 3093573535 2111248289
2007668983 3093573535 2111248289
1999280246 3093573599 2111256481
1999280247 3093573599 2111256481
1999280374 3093573599 2111256481
1999280375 3093573599 2111256481
4155218551 828657558 2114401441
4155218679 828657558 2114401441
4155218550 828657558 2114401443
4155218678 828657558 2114401443
4155218550 828690326 2114401443
4155218678 828690326 2114401443
4155218551 828657558 2114401697
4155218679 828657558 2114401697
4155218550 828657558 2114401699
4155218678 828657558 2114401699
4155218550 828690326 2114401699
4155218678 828690326 2114401699
4155153015 2976141206 2114402209
4155153143 2976141206 2114402209
4155153014 2976141206 2114402211
4155153142 2976141206 2114402211
4155153014 2976173974 2114402211
4155153142 2976173974 2114402211
4155153015 2974044063 2115441825
4155153143 2974044063 2115441825
4155153014 2974044063 2115441827
4155153142 2974044063 2115441827
4155153014 2974076831 2115441827
4155153142 2974076831 2115441827
2007668854 944009110 2118596003
2007668982 944009110 2118596003
2007668854 944041878 2118596003
2007668982 944041878 2118596003
2007668854 946106271 2119636131
2007668982 946106271 2119636131
2007668854 946139039 2119636131
2007668982 946139039 2119636131
4155153015 2976124822 2122790049
4155153143 2976124822 2122790049
4155153014 2976124822 2122790051
4155153142 2976124822 2122790051
4155153014 2976157590 2122790051
4155153142 2976157590 2122790051
4155021943 2976124822 2122790817
4155022071 2976124822 2122790817
4155021942 2976124822 2122790819
4155022070 2976124822 2122790819
4155021942 2976157590 2122790819
4155022070 2976157590 2122790819
4155218551 826544031 2123830433
4155218679 826544031 2123830433
4155218550 826544031 2123830435
4155218678 826544031 2123830435
4155218550 826576799 2123830435
4155218678 826576799 2123830435
4155218551 826544031 2123830689
4155218679 826544031 2123830689
4155218550 826544031 2123830691
4155218678 826544031 2123830691
4155218550 826576799 2123830691
4155218678 826576799 2123830691
2007668854 943992726 2126984611
2007668982 943992726 2126984611
2007668854 944025494 2126984611
2007668982 944025494 2126984611
2007668854 946089887 2128024739
2007668982 946089887 2128024739
2007668854 946122655 2128024739
2007668982 946122655 2128024739
4146829942 828690390 2131170465
4146830070 828690390 2131170465
4146829942 828690390 2131170721
4146830070 828690390 2131170721
4146764406 2976174038 2131171233
4146764534 2976174038 2131171233
4155218550 828690326 2131178657
4155218678 828690326 2131178657
4155218550 828690326 2131178913
4155218678 828690326 2131178913
4155153014 2976173974 2131179425
4155153142 2976173974 2131179425
4155153014 2974076831 2132219041
4155153142 2974076831 2132219041
4146764406 2974076895 2132227233
4146764534 2974076895 2132227233
4146764406 2976157654 2139559073
4146764534 2976157654 2139559073
4146633334 2976157654 2139559841
4146633462 2976157654 2139559841
4155153014 2976157590 2139567265
4155153142 2976157590 2139567265
4155021942 2976157590 2139568033
4155022070 2976157590 2139568033
4155218550 826576799 2140607649
4155218678 826576799 2140607649
4155218550 826576799 2140607905
4155218678 826576799 2140607905
4146829942 826576863 2140615841
4146830070 826576863 2140615841
4146829942 826576863 2140616097
4146830070 826576863 2140616097
2007668854 1444436915 2485860551
2007668982 1444436915 2485860551
2007668854 1444469683 2485860551
2007668982 1444469683 2485860551
2007668854 1446534074 2486901191
2007668982 1446534074 2486901191
2007668854 1446566842 2486901191
2007668982 1446566842 2486901191
4155153015 3745020851 2490054853
4155153143 3745020851 2490054853
4155153014 3745020851 2490054855
4155153142 3745020851 2490054855
4155153014 3745053619 2490054855
4155153142 3745053619 2490054855
4155218551 1595440058 2491095237
4155218679 1595440058 2491095237
4155218550 1595440058 2491095239
4155218678 1595440058 2491095239
4155218550 1595472826 2491095239
4155218678 1595472826 2491095239
4155218551 1595440058 2491095493
4155218679 1595440058 2491095493
4155218550 1595440058 2491095495
4155218678 1595440058 2491095495
4155218550 1595472826 2491095495
4155218678 1595472826 2491095495
4155153015 3742923706 2491096005
4155153143 3742923706 2491096005
4155153014 3742923706 2491096007
4155153142 3742923706 2491096007
4155153014 3742956474 2491096007
4155153142 3742956474 2491096007
2007668854 1444420531 2494249159
2007668982 1444420531 2494249159
2007668854 1444453299 2494249159
2007668982 1444453299 2494249159
2007668854 1446517690 2495289799
2007668982 1446517690 2495289799
2007668854 1446550458 2495289799
2007668982 1446550458 2495289799
4155218551 1597520819 2498443461
4155218679 1597520819 2498443461
4155218550 1597520819 2498443463
4155218678 1597520819 2498443463
4155218550 1597553587 2498443463
4155218678 1597553587 2498443463
4155218551 1597520819 2498443717
4155218679 1597520819 2498443717
4155218550 1597520819 2498443719
4155218678 1597520819 2498443719
4155218550 1597553587 2498443719
4155218678 1597553587 2498443719
4155153015 3742907322 2499483845
4155153143 3742907322 2499483845
4155153014 3742907322 2499483847
4155153142 3742907322 2499483847
4155153014 3742940090 2499483847
4155153142 3742940090 2499483847
4155021943 3742907322 2499484613
4155022071 3742907322 2499484613
4155021942 3742907322 2499484615
4155022070 3742907322 2499484615
4155021942 3742940090 2499484615
4155022070 3742940090 2499484615
4146764406 3745053683 2506823877
4146764534 3745053683 2506823877
4155153014 3745053619 2506832069
4155153142 3745053619 2506832069
4155218550 1595472826 2507872453
4155218678 1595472826 2507872453
4155218550 1595472826 2507872709
4155218678 1595472826 2507872709
4155153014 3742956474 2507873221
4155153142 3742956474 2507873221
4146829942 1595472890 2507880645
4146830070 1595472890 2507880645
4146829942 1595472890 2507880901
4146830070 1595472890 2507880901
4146764406 3742956538 2507881413
4146764534 3742956538 2507881413
4146829942 1597553651 2515212485
4146830070 1597553651 2515212485
4146829942 1597553651 2515212741
4146830070 1597553651 2515212741
4155218550 1597553587 2515220677
4155218678 1597553587 2515220677
4155218550 1597553587 2515220933
4155218678 1597553587 2515220933
4155153014 3742940090 2516261061
4155153142 3742940090 2516261061
4155021942 3742940090 2516261829
4155022070 3742940090 2516261829
4146764406 3742940154 2516269253
4146764534 3742940154 2516269253
4146633334 3742940154 2516270021
4146633462 3742940154 2516270021
1999345782 1444436979 2519406791
1999345910 1444436979 2519406791
1999345782 1444469747 2519406791
1999345910 1444469747 2519406791
1999345782 1444436979 2519407047
1999345910 1444436979 2519407047
1999345782 1444469747 2519407047
1999345910 1444469747 2519407047
1999280247 3591920627 2519407557
1999280375 3591920627 2519407557
1999280246 3594017786 2520463559
1999280374 3594017786 2520463559
1999280246 3594050554 2520463559
1999280374 3594050554 2520463559
1999149174 3594017786 2520464327
1999149302 3594017786 2520464327
1999149174 3594050554 2520464327
1999149302 3594050554 2520464327
4146764407 1597537267 2523601349
4146764535 1597537267 2523601349
4146764406 1597537267 2523601351
4146764534 1597537267 2523601351
4146764406 1597570035 2523601351
4146764534 1597570035 2523601351
4146764407 1595440122 2524657861
4146764535 1595440122 2524657861
4146764406 1595440122 2524657863
4146764534 1595440122 2524657863
4146764406 1595472890 2524657863
4146764534 1595472890 2524657863
1999345782 1444420595 2527795399
1999345910 1444420595 2527795399
1999345782 1444453363 2527795399
1999345910 1444453363 2527795399
1999345782 1444420595 2527795655
1999345910 1444420595 2527795655
1999345782 1444453363 2527795655
1999345910 1444453363 2527795655
1999280247 3591904243 2527796165
1999280375 3591904243 2527796165
1999280246 3594001402 2528852167
1999280374 3594001402 2528852167
1999280246 3594034170 2528852167
1999280374 3594034170 2528852167
1999149174 3594001402 2528852935
1999149302 3594001402 2528852935
1999149174 3594034170 2528852935
1999149302 3594034170 2528852935
4146764407 1597520883 2531989701
4146764535 1597520883 2531989701
4146764406 1597520883 2531989703
4146764534 1597520883 2531989703
4146764406 1597553651 2531989703
4146764534 1597553651 2531989703
4146764407 1595423738 2533046725
4146764535 1595423738 2533046725
4146764406 1595423738 2533046727
4146764534 1595423738 2533046727
4146764406 1595456506 2533046727
4146764534 1595456506 2533046727
1999280246 3591920627 2536184773
1999280247 3591920627 2536184773
1999280374 3591920627 2536184773
1999280375 3591920627 2536184773
2007668854 3591920563 2536192965
2007668855 3591920563 2536192965
2007668982 3591920563 2536192965
2007668983 3591920563 2536192965
4146764406 1597537267 2540378565
4146764407 1597537267 2540378565
4146764534 1597537267 2540378565
4146764535 1597537267 2540378565
4155153014 1597537203 2540386757
4155153015 1597537203 2540386757
4155153142 1597537203 2540386757
4155153143 1597537203 2540386757
4155153014 1595440058 2541426885
4155153015 1595440058 2541426885
4155153142 1595440058 2541426885
4155153143 1595440058 2541426885
4146764406 1595440122 2541435077
4146764407 1595440122 2541435077
4146764534 1595440122 2541435077
4146764535 1595440122 2541435077
1999280246 3591904243 2544573381
1999280247 3591904243 2544573381
1999280374 3591904243 2544573381
1999280375 3591904243 2544573381
2007668854 3591904179 2544581573
2007668855 3591904179 2544581573
2007668982 3591904179 2544581573
2007668983 3591904179 2544581573
4146764406 1597520883 2548766917
4146764407 1597520883 2548766917
4146764534 1597520883 2548766917
4146764535 1597520883 2548766917
4155153014 1597520819 2548775109
4155153015 1597520819 2548775109
4155153142 1597520819 2548775109
4155153143 1597520819 2548775109
4155153014 1595423674 2549815749
4155153015 1595423674 2549815749
4155153142 1595423674 2549815749
4155153143 1595423674 2549815749
4146764406 1595423738 2549823941
4146764407 1595423738 2549823941
4146764534 1595423738 2549823941
4146764535 1595423738 2549823941
4146764407 822366166 3154580641
4146764535 822366166 3154580641
4146764406 822366166 3154580643
4146764534 822366166 3154580643
4146764406 822398934 3154580643
4146764534 822398934 3154580643
4146764407 824463327 3155637665
4146764535 824463327 3155637665
4146764406 824463327 3155637667
4146764534 824463327 3155637667
4146764406 824496095 3155637667
4146764534 824496095 3155637667
1999280246 3089395670 3158774947
1999280374 3089395670 3158774947
1999280246 3089428438 3158774947
1999280374 3089428438 3158774947
1999149174 3089395670 3158775715
1999149302 3089395670 3158775715
1999149174 3089428438 3158775715
1999149302 3089428438 3158775715
1999345782 939814879 3159831715
1999345910 939814879 3159831715
1999345782 939847647 3159831715
1999345910 939847647 3159831715
1999345782 939814879 3159831971
1999345910 939814879 3159831971
1999345782 939847647 3159831971
1999345910 939847647 3159831971
1999280247 3087298527 3159832481
1999280375 3087298527 3159832481
4146764407 822349782 3162969505
4146764535 822349782 3162969505
4146764406 822349782 3162969507
4146764534 822349782 3162969507
4146764406 822382550 3162969507
4146764534 822382550 3162969507
4146764407 824446943 3164026017
4146764535 824446943 3164026017
4146764406 824446943 3164026019
4146764534 824446943 3164026019
4146764406 824479711 3164026019
4146764534 824479711 3164026019
1999280246 3089379286 3167163555
1999280374 3089379286 3167163555
1999280246 3089412054 3167163555
1999280374 3089412054 3167163555
1999149174 3089379286 3167164323
1999149302 3089379286 3167164323
1999149174 3089412054 3167164323
1999149302 3089412054 3167164323
1999345782 939798495 3168220323
1999345910 939798495 3168220323
1999345782 939831263 3168220323
1999345910 939831263 3168220323
1999345782 939798495 3168220579
1999345910 939798495 3168220579
1999345782 939831263 3168220579
1999345910 939831263 3168220579
1999280247 3087282143 3168221089
1999280375 3087282143 3168221089
4146764406 822366166 3171357857
4146764407 822366166 3171357857
4146764534 822366166 3171357857
4146764535 822366166 3171357857
4155153014 822366102 3171366049
4155153015 822366102 3171366049
4155153142 822366102 3171366049
4155153143 822366102 3171366049
4155153014 824463263 3172406689
4155153015 824463263 3172406689
4155153142 824463263 3172406689
4155153143 824463263 3172406689
4146764406 824463327 3172414881
4146764407 824463327 3172414881
4146764534 824463327 3172414881
4146764535 824463327 3172414881
2007668854 3087298463 3176601505
2007668855 3087298463 3176601505
2007668982 3087298463 3176601505
2007668983 3087298463 3176601505
1999280246 3087298527 3176609697
1999280247 3087298527 3176609697
1999280374 3087298527 3176609697
1999280375 3087298527 3176609697
4146764406 822349782 3179746721
4146764407 822349782 3179746721
4146764534 822349782 3179746721
4146764535 822349782 3179746721
4155153014 822349718 3179754913
4155153015 822349718 3179754913
4155153142 822349718 3179754913
4155153143 822349718 3179754913
4155153014 824446879 3180795041
4155153015 824446879 3180795041
4155153142 824446879 3180795041
4155153143 824446879 3180795041
4146764406 824446943 3180803233
4146764407 824446943 3180803233
4146764534 824446943 3180803233
4146764535 824446943 3180803233
2007668854 3087282079 3184990113
2007668855 3087282079 3184990113
2007668982 3087282079 3184990113
2007668983 3087282079 3184990113
1999280246 3087282143 3184998305
1999280247 3087282143 3184998305
1999280374 3087282143 3184998305
1999280375 3087282143 3184998305
4155218551 822366102 3188143265
4155218679 822366102 3188143265
4155218550 822366102 3188143267
4155218678 822366102 3188143267
4155218550 822398870 3188143267
4155218678 822398870 3188143267
4155218551 822366102 3188143521
4155218679 822366102 3188143521
4155218550 822366102 3188143523
4155218678 822366102 3188143523
4155218550 822398870 3188143523
4155218678 822398870 3188143523
4155153015 2969849750 3188144033
4155153143 2969849750 3188144033
4155153014 2969849750 3188144035
4155153142 2969849750 3188144035
4155153014 2969882518 3188144035
4155153142 2969882518 3188144035
4155153015 2971946911 3189183649
4155153143 2971946911 3189183649
4155153014 2971946911 3189183651
4155153142 2971946911 3189183651
4155153014 2971979679 3189183651
4155153142 2971979679 3189183651
2007668854 941911958 3192337827
2007668982 941911958 3192337827
2007668854 941944726 3192337827
2007668982 941944726 3192337827
2007668854 939814815 3193377955
2007668982 939814815 3193377955
2007668854 939847583 3193377955
2007668982 939847583 3193377955
4155153015 2969833366 3196531873
4155153143 2969833366 3196531873
4155153014 2969833366 3196531875
4155153142 2969833366 3196531875
4155153014 2969866134 3196531875
4155153142 2969866134 3196531875
4155021943 2969833366 3196532641
4155022071 2969833366 3196532641
4155021942 2969833366 3196532643
4155022070 2969833366 3196532643
4155021942 2969866134 3196532643
4155022070 2969866134 3196532643
4155218551 824446879 3197572257
4155218679 824446879 3197572257
4155218550 824446879 3197572259
4155218678 824446879 3197572259
4155218550 824479647 3197572259
4155218678 824479647 3197572259
4155218551 824446879 3197572513
4155218679 824446879 3197572513
4155218550 824446879 3197572515
4155218678 824446879 3197572515
4155218550 824479647 3197572515
4155218678 824479647 3197572515
2007668854 941895574 3200726435
2007668982 941895574 3200726435
2007668854 941928342 3200726435
2007668982 941928342 3200726435
2007668854 939798431 3201766563
2007668982 939798431 3201766563
2007668854 939831199 3201766563
2007668982 939831199 3201766563
4146829942 822398934 3204912289
4146830070 822398934 3204912289
4146829942 822398934 3204912545
4146830070 822398934 3204912545
4146764406 2969882582 3204913057
4146764534 2969882582 3204913057
4155218550 822398870 3204920481
4155218678 822398870 3204920481
4155218550 822398870 3204920737
4155218678 822398870 3204920737
4155153014 2969882518 3204921249
4155153142 2969882518 3204921249
4155153014 2971979679 3205960865
4155153142 2971979679 3205960865
4146764406 2971979743 3205969057
4146764534 2971979743 3205969057
4146764406 2969866198 3213300897
4146764534 2969866198 3213300897
4146633334 2969866198 3213301665
4146633462 2969866198 3213301665
4155153014 2969866134 3213309089
4155153142 2969866134 3213309089
4155021942 2969866134 3213309857
4155022070 2969866134 3213309857
4155218550 824479647 3214349473
4155218678 824479647 3214349473
4155218550 824479647 3214349729
4155218678 824479647 3214349729
4146829942 824479711 3214357665
4146830070 824479711 3214357665
4146829942 824479711 3214357921
4146830070 824479711 3214357921
2007668854 1446534067 3559602375
2007668982 1446534067 3559602375
2007668854 1446566835 3559602375
2007668982 1446566835 3559602375
2007668854 1444436922 3560643015
2007668982 1444436922 3560643015
2007668854 1444469690 3560643015
2007668982 1444469690 3560643015
4155153015 3742923699 3563796677
4155153143 3742923699 3563796677
4155153014 3742923699 3563796679
4155153142 3742923699 3563796679
4155153014 3742956467 3563796679
4155153142 3742956467 3563796679
4155218551 1597537210 3564837061
4155218679 1597537210 3564837061
4155218550 1597537210 3564837063
4155218678 1597537210 3564837063
4155218550 1597569978 3564837063
4155218678 1597569978 3564837063
4155218551 1597537210 3564837317
4155218679 1597537210 3564837317
4155218550 1597537210 3564837319
4155218678 1597537210 3564837319
4155218550 1597569978 3564837319
4155218678 1597569978 3564837319
4155153015 3745020858 3564837829
4155153143 3745020858 3564837829
4155153014 3745020858 3564837831
4155153142 3745020858 3564837831
4155153014 3745053626 3564837831
4155153142 3745053626 3564837831
2007668854 1446517683 3567990983
2007668982 1446517683 3567990983
2007668854 1446550451 3567990983
2007668982 1446550451 3567990983
2007668854 1444420538 3569031623
2007668982 1444420538 3569031623
2007668854 1444453306 3569031623
2007668982 1444453306 3569031623
4155218551 1595423667 3572185285
4155218679 1595423667 3572185285
4155218550 1595423667 3572185287
4155218678 1595423667 3572185287
4155218550 1595456435 3572185287
4155218678 1595456435 3572185287
4155218551 1595423667 3572185541
4155218679 1595423667 3572185541
4155218550 1595423667 3572185543
4155218678 1595423667 3572185543
4155218550 1595456435 3572185543
4155218678 1595456435 3572185543
4155153015 3745004474 3573225669
4155153143 3745004474 3573225669
4155153014 3745004474 3573225671
4155153142 3745004474 3573225671
4155153014 3745037242 3573225671
4155153142 3745037242 3573225671
4155021943 3745004474 3573226437
4155022071 3745004474 3573226437
4155021942 3745004474 3573226439
4155022070 3745004474 3573226439
4155021942 3745037242 3573226439
4155022070 3745037242 3573226439
4146764406 3742956531 3580565701
4146764534 3742956531 3580565701
4155153014 3742956467 3580573893
4155153142 3742956467 3580573893
4155218550 1597569978 3581614277
4155218678 1597569978 3581614277
4155218550 1597569978 3581614533
4155218678 1597569978 3581614533
4155153014 3745053626 3581615045
4155153142 3745053626 3581615045
4146829942 1597570042 3581622469
4146830070 1597570042 3581622469
4146829942 1597570042 3581622725
4146830070 1597570042 3581622725
4146764406 3745053690 3581623237
4146764534 3745053690 3581623237
4146829942 1595456499 3588954309
4146830070 1595456499 3588954309
4146829942 1595456499 3588954565
4146830070 1595456499 3588954565
4155218550 1595456435 3588962501
4155218678 1595456435 3588962501
4155218550 1595456435 3588962757
4155218678 1595456435 3588962757
4155153014 3745037242 3590002885
4155153142 3745037242 3590002885
4155021942 3745037242 3590003653
4155022070 3745037242 3590003653
4146764406 3745037306 3590011077
4146764534 3745037306 3590011077
4146633334 3745037306 3590011845
4146633462 3745037306 3590011845
1999345782 1446534131 3593148615
1999345910 1446534131 3593148615
1999345782 1446566899 3593148615
1999345910 1446566899 3593148615
1999345782 1446534131 3593148871
1999345910 1446534131 3593148871
1999345782 1446566899 3593148871
1999345910 1446566899 3593148871
1999280247 3594017779 3593149381
1999280375 3594017779 3593149381
1999280246 3591920634 3594205383
1999280374 3591920634 3594205383
1999280246 3591953402 3594205383
1999280374 3591953402 3594205383
1999149174 3591920634 3594206151
1999149302 3591920634 3594206151
1999149174 3591953402 3594206151
1999149302 3591953402 3594206151
4146764407 1595440115 3597343173
4146764535 1595440115 3597343173
4146764406 1595440115 3597343175
4146764534 1595440115 3597343175
4146764406 1595472883 3597343175
4146764534 1595472883 3597343175
4146764407 1597537274 3598399685
4146764535 1597537274 3598399685
4146764406 1597537274 3598399687
4146764534 1597537274 3598399687
4146764406 1597570042 3598399687
4146764534 1597570042 3598399687
1999345782 1446517747 3601537223
1999345910 1446517747 3601537223
1999345782 1446550515 3601537223
1999345910 1446550515 3601537223
1999345782 1446517747 3601537479
1999345910 1446517747 3601537479
1999345782 1446550515 3601537479
1999345910 1446550515 3601537479
1999280247 3594001395 3601537989
1999280375 3594001395 3601537989
1999280246 3591904250 3602593991
1999280374 3591904250 3602593991
1999280246 3591937018 3602593991
1999280374 3591937018 3602593991
1999149174 3591904250 3602594759
1999149302 3591904250 3602594759
1999149174 3591937018 3602594759
1999149302 3591937018 3602594759
4146764407 1595423731 3605731525
4146764535 1595423731 3605731525
4146764406 1595423731 3605731527
4146764534 1595423731 3605731527
4146764406 1595456499 3605731527
4146764534 1595456499 3605731527
4146764407 1597520890 3606788549
4146764535 1597520890 3606788549
4146764406 1597520890 3606788551
4146764534 1597520890 3606788551
4146764406 1597553658 3606788551
4146764534 1597553658 3606788551
1999280246 3594017779 3609926597
1999280247 3594017779 3609926597
1999280374 3594017779 3609926597
1999280375 3594017779 3609926597
2007668854 3594017715 3609934789
2007668855 3594017715 3609934789
2007668982 3594017715 3609934789
2007668983 3594017715 3609934789
4146764406 1595440115 3614120389
4146764407 1595440115 3614120389
4146764534 1595440115 3614120389
4146764535 1595440115 3614120389
4155153014 1595440051 3614128581
4155153015 1595440051 3614128581
4155153142 1595440051 3614128581
4155153143 1595440051 3614128581
4155153014 1597537210 3615168709
4155153015 1597537210 3615168709
4155153142 1597537210 3615168709
4155153143 1597537210 3615168709
4146764406 1597537274 3615176901
4146764407 1597537274 3615176901
4146764534 1597537274 3615176901
4146764535 1597537274 3615176901
1999280246 3594001395 3618315205
1999280247 3594001395 3618315205
1999280374 3594001395 3618315205
1999280375 3594001395 3618315205
2007668854 3594001331 3618323397
2007668855 3594001331 3618323397
2007668982 3594001331 3618323397
2007668983 3594001331 3618323397
4146764406 1595423731 3622508741
4146764407 1595423731 3622508741
4146764534 1595423731 3622508741
4146764535 1595423731 3622508741
4155153014 1595423667 3622516933
4155153015 1595423667 3622516933
4155153142 1595423667 3622516933
4155153143 1595423667 3622516933
4155153014 1597520826 3623557573
4155153015 1597520826 3623557573
4155153142 1597520826 3623557573
4155153143 1597520826 3623557573
4146764406 1597520890 3623565765
4146764407 1597520890 3623565765
4146764534 1597520890 3623565765
4146764535 1597520890 3623565765
4146764407 824463318 4228322465
4146764535 824463318 4228322465
4146764406 824463318 4228322467
4146764534 824463318 4228322467
4146764406 824496086 4228322467
4146764534 824496086 4228322467
4146764407 822366175 4229379489
4146764535 822366175 4229379489
4146764406 822366175 4229379491
4146764534 822366175 4229379491
4146764406 822398943 4229379491
4146764534 822398943 4229379491
1999280246 3087298518 4232516771
1999280374 3087298518 4232516771
1999280246 3087331286 4232516771
1999280374 3087331286 4232516771
1999149174 3087298518 4232517539
1999149302 3087298518 4232517539
1999149174 3087331286 4232517539
1999149302 3087331286 4232517539
1999345782 941912031 4233573539
1999345910 941912031 4233573539
1999345782 941944799 4233573539
1999345910 941944799 4233573539
1999345782 941912031 4233573795
1999345910 941912031 4233573795
1999345782 941944799 4233573795
1999345910 941944799 4233573795
1999280247 3089395679 4233574305
1999280375 3089395679 4233574305
4146764407 824446934 4236711329
4146764535 824446934 4236711329
4146764406 824446934 4236711331
4146764534 824446934 4236711331
4146764406 824479702 4236711331
4146764534 824479702 4236711331
4146764407 822349791 4237767841
4146764535 822349791 4237767841
4146764406 822349791 4237767843
4146764534 822349791 4237767843
4146764406 822382559 4237767843
4146764534 822382559 4237767843
1999280246 3087282134 4240905379
1999280374 3087282134 4240905379
1999280246 3087314902 4240905379
1999280374 3087314902 4240905379
1999149174 3087282134 4240906147
1999149302 3087282134 4240906147
1999149174 3087314902 4240906147
1999149302 3087314902 4240906147
1999345782 941895647 4241962147
1999345910 941895647 4241962147
1999345782 941928415 4241962147
1999345910 941928415 4241962147
1999345782 941895647 4241962403
1999345910 941895647 4241962403
1999345782 941928415 4241962403
1999345910 941928415 4241962403
1999280247 3089379295 4241962913
1999280375 3089379295 4241962913
4146764406 824463318 4245099681
4146764407 824463318 4245099681
4146764534 824463318 4245099681
4146764535 824463318 4245099681
4155153014 824463254 4245107873
4155153015 824463254 4245107873
4155153142 824463254 4245107873
4155153143 824463254 4245107873
4155153014 822366111 4246148513
4155153015 822366111 4246148513
4155153142 822366111 4246148513
4155153143 822366111 4246148513
4146764406 822366175 4246156705
4146764407 822366175 4246156705
4146764534 822366175 4246156705
4146764535 822366175 4246156705
2007668854 3089395615 4250343329
2007668855 3089395615 4250343329
2007668982 3089395615 4250343329
2007668983 3089395615 4250343329
1999280246 3089395679 4250351521
1999280247 3089395679 4250351521
1999280374 3089395679 4250351521
1999280375 3089395679 4250351521
4146764406 824446934 4253488545
4146764407 824446934 4253488545
4146764534 824446934 4253488545
4146764535 824446934 4253488545
4155153014 824446870 4253496737
4155153015 824446870 4253496737
4155153142 824446870 4253496737
4155153143 824446870 4253496737
4155153014 822349727 4254536865
4155153015 822349727 4254536865
4155153142 822349727 4254536865
4155153143 822349727 4254536865
4146764406 822349791 4254545057
4146764407 822349791 4254545057
4146764534 822349791 4254545057
4146764535 822349791 4254545057
2007668854 3089379231 4258731937
2007668855 3089379231 4258731937
2007668982 3089379231 4258731937
2007668983 3089379231 4258731937
1999280246 3089379295 4258740129
1999280247 3089379295 4258740129
1999280374 3089379295 4258740129
1999280375 3089379295 4258740129
4155218551 824463254 4261885089
4155218679 824463254 4261885089
4155218550 824463254 4261885091
4155218678 824463254 4261885091
4155218550 824496022 4261885091
4155218678 824496022 4261885091
4155218551 824463254 4261885345
4155218679 824463254 4261885345
4155218550 824463254 4261885347
4155218678 824463254 4261885347
4155218550 824496022 4261885347
4155218678 824496022 4261885347
4155153015 2971946902 4261885857
4155153143 2971946902 4261885857
4155153014 2971946902 4261885859
4155153142 2971946902 4261885859
4155153014 2971979670 4261885859
4155153142 2971979670 4261885859
4155153015 2969849759 4262925473
4155153143 2969849759 4262925473
4155153014 2969849759 4262925475
4155153142 2969849759 4262925475
4155153014 2969882527 4262925475
4155153142 2969882527 4262925475
2007668854 939814806 4266079651
2007668982 939814806 4266079651
2007668854 939847574 4266079651
2007668982 939847574 4266079651
2007668854 941911967 4267119779
2007668982 941911967 4267119779
2007668854 941944735 4267119779
2007668982 941944735 4267119779
4155153015 2971930518 4270273697
4155153143 2971930518 4270273697
4155153014 2971930518 4270273699
4155153142 2971930518 4270273699
4155153014 2971963286 4270273699
4155153142 2971963286 4270273699
4155021943 2971930518 4270274465
4155022071 2971930518 4270274465
4155021942 2971930518 4270274467
4155022070 2971930518 4270274467
4155021942 2971963286 4270274467
4155022070 2971963286 4270274467
4155218551 822349727 4271314081
4155218679 822349727 4271314081
4155218550 822349727 4271314083
4155218678 822349727 4271314083
4155218550 822382495 4271314083
4155218678 822382495 4271314083
4155218551 822349727 4271314337
4155218679 822349727 4271314337
4155218550 822349727 4271314339
4155218678 822349727 4271314339
4155218550 822382495 4271314339
4155218678 822382495 4271314339
2007668854 939798422 4274468259
2007668982 939798422 4274468259
2007668854 939831190 4274468259
2007668982 939831190 4274468259
2007668854 941895583 4275508387
2007668982 941895583 4275508387
2007668854 941928351 4275508387
2007668982 941928351 4275508387
4146829942 824496086 4278654113
4146830070 824496086 4278654113
4146829942 824496086 4278654369
4146830070 824496086 4278654369
4146764406 2971979734 4278654881
4146764534 2971979734 4278654881
4155218550 824496022 4278662305
4155218678 824496022 4278662305
4155218550 824496022 4278662561
4155218678 824496022 4278662561
4155153014 2971979670 4278663073
4155153142 2971979670 4278663073
4155153014 2969882527 4279702689
4155153142 2969882527 4279702689
4146764406 2969882591 4279710881
4146764534 2969882591 4279710881
4146764406 2971963350 4287042721
4146764534 2971963350 4287042721
4146633334 2971963350 4287043489
4146633462 2971963350 4287043489
4155153014 2971963286 4287050913
4155153142 2971963286 4287050913
4155021942 2971963286 4287051681
4155022070 2971963286 4287051681
4155218550 822382495 4288091297
4155218678 822382495 4288091297
4155218550 822382495 4288091553
4155218678 822382495 4288091553
4146829942 822382559 4288099489
4146830070 822382559 4288099489
4146829942 822382559 4288099745
4146830070 822382559 4288099745
